   0.0000000000000000        5.8288292471993057E+019
   7.8125000000000000E-003   5.7815345306430030E+019
   1.5625000000000000E-002   5.7561203568729072E+019
   2.3437500000000000E-002   5.7337646432043385E+019
   3.1250000000000000E-002   5.7127410597420761E+019
   3.9062500000000000E-002   5.6923984986861257E+019
   4.6875000000000000E-002   5.6724077464393753E+019
   5.4687500000000000E-002   5.6525790711019209E+019
   6.2500000000000000E-002   5.6327933199536718E+019
   7.0312500000000000E-002   5.6129687412994294E+019
   7.8125000000000000E-002   5.5930469119564505E+019
   8.5937500000000000E-002   5.5729880132104208E+019
   9.3750000000000000E-002   5.5527624614154035E+019
  0.10156250000000000        5.5323447251702792E+019
  0.10937500000000000        5.5117229362679456E+019
  0.11718750000000000        5.4908822483374129E+019
  0.12500000000000000        5.4698158963460162E+019
  0.13281250000000000        5.4485163757387833E+019
  0.14062500000000000        5.4269841844639531E+019
  0.14843750000000000        5.4052172955393876E+019
  0.15625000000000000        5.3832168730321453E+019
  0.16406250000000000        5.3609857005055713E+019
  0.17187500000000000        5.3385289404383535E+019
  0.17968750000000000        5.3158519986271904E+019
  0.18750000000000000        5.2929579554736906E+019
  0.19531250000000000        5.2698626184868561E+019
  0.20312500000000000        5.2465654969095487E+019
  0.21093750000000000        5.2230857629904036E+019
  0.21875000000000000        5.1994261890857320E+019
  0.22656250000000000        5.1756008457294905E+019
  0.23437500000000000        5.1516263607305085E+019
  0.24218749999999997        5.1275088280372306E+019
  0.25000000000000000        5.1032667427836125E+019
  0.25781250000000000        5.0789114046730543E+019
  0.26562500000000000        5.0544568619634983E+019
  0.27343750000000000        5.0299201177044787E+019
  0.28125000000000000        5.0053177726849696E+019
  0.28906250000000000        4.9806624557618471E+019
  0.29687500000000000        4.9559734065391190E+019
  0.30468750000000000        4.9312659265553629E+019
  0.31250000000000000        4.9065548633282978E+019
  0.32031250000000000        4.8818582356006003E+019
  0.32812500000000000        4.8571936523085537E+019
  0.33593750000000000        4.8325782843902476E+019
  0.34375000000000000        4.8080288403165118E+019
  0.35156249999999994        4.7835578974282228E+019
  0.35937500000000000        4.7591884791194534E+019
  0.36718750000000000        4.7349321475503440E+019
  0.37500000000000000        4.7108072151055131E+019
  0.38281250000000006        4.6868277933302260E+019
  0.39062500000000000        4.6630110348945670E+019
  0.39843750000000000        4.6393734556077449E+019
  0.40625000000000000        4.6159273484108538E+019
  0.41406250000000000        4.5926879474203369E+019
  0.42187500000000000        4.5696732939230855E+019
  0.42968750000000000        4.5468901745839243E+019
  0.43750000000000000        4.5243552156188525E+019
  0.44531250000000000        4.5020773691561042E+019
  0.45312500000000000        4.4800717223361552E+019
  0.46093750000000000        4.4583491382432350E+019
  0.46875000000000000        4.4369197274096026E+019
  0.47656250000000000        4.4157928501119222E+019
  0.48437499999999994        4.3949771215351603E+019
  0.49218750000000000        4.3744804196028899E+019
  0.50000000000000000        4.3543129878268772E+019
  0.50781250000000000        4.3344811092267237E+019
  0.51562500000000000        4.3149903590679708E+019
  0.52343750000000000        4.2958456225449681E+019
  0.53125000000000000        4.2770539946360259E+019
  0.53906250000000000        4.2586216976674087E+019
  0.54687500000000000        4.2405457894550700E+019
  0.55468750000000000        4.2228367286365700E+019
  0.56250000000000000        4.2054930861029958E+019
  0.57031250000000000        4.1885182920088519E+019
  0.57812500000000000        4.1719124707466191E+019
  0.58593750000000000        4.1556752374258917E+019
  0.59375000000000000        4.1398105657565700E+019
  0.60156249999999989        4.1243144218668286E+019
  0.60937500000000000        4.1091894888392942E+019
  0.61718750000000000        4.0944308515322020E+019
  0.62500000000000000        4.0800378317930848E+019
  0.63281250000000000        4.0660091781590098E+019
  0.64062500000000000        4.0523430963497722E+019
  0.64843750000000000        4.0390332531460768E+019
  0.65625000000000000        4.0260791577102221E+019
  0.66406250000000011        4.0134777382132310E+019
  0.67187500000000000        4.0012218082813944E+019
  0.67968750000000000        3.9893078089153741E+019
  0.68750000000000000        3.9777318106771931E+019
  0.69531250000000000        3.9664912280253227E+019
  0.70312499999999989        3.9555764211255222E+019
  0.71093750000000000        3.9449844126114660E+019
  0.71875000000000000        3.9347102237111091E+019
  0.72656250000000000        3.9247486386336555E+019
  0.73437500000000000        3.9150913604215300E+019
  0.74218750000000000        3.9057344455178666E+019
  0.75000000000000000        3.8966722486355976E+019
  0.75781250000000000        3.8878976813020504E+019
  0.76562500000000011        3.8794037061888369E+019
  0.77343750000000000        3.8711857651942949E+019
  0.78125000000000000        3.8632378672859660E+019
  0.78906250000000000        3.8555516965699494E+019
  0.79687500000000000        3.8481235452042674E+019
  0.80468749999999989        3.8409451543396729E+019
  0.81250000000000000        3.8340105631227707E+019
  0.82031250000000000        3.8273137895579091E+019
  0.82812500000000000        3.8208488442900390E+019
  0.83593750000000000        3.8146097434836140E+019
  0.84375000000000000        3.8085896525332406E+019
  0.85156250000000000        3.8027835674466296E+019
  0.85937500000000000        3.7971839787737702E+019
  0.86718749999999989        3.7917859907264537E+019
  0.87500000000000000        3.7865838905879290E+019
  0.88281250000000000        3.7815713106035802E+019
  0.89062500000000000        3.7767434344830468E+019
  0.89843750000000000        3.7720934272620421E+019
  0.90625000000000000        3.7676166425207472E+019
  0.91406250000000000        3.7633077989700338E+019
  0.92187500000000000        3.7591616998211109E+019
  0.92968750000000011        3.7551726769422590E+019
  0.93750000000000000        3.7513352458403086E+019
  0.94531250000000000        3.7476456475328496E+019
  0.95312500000000000        3.7440985602338546E+019
  0.96093750000000000        3.7406893191565820E+019
  0.96874999999999989        3.7374129042290803E+019
  0.97656250000000000        3.7342653424988078E+019
  0.98437500000000000        3.7312418518447104E+019
  0.99218750000000000        3.7283382231448969E+019
   1.0000000000000000        3.7255503472724394E+019
