   0.0000000000000000        5.8288292471993057E+019
   2.1929824561403512E-003   5.8059828380192801E+019
   4.3859649122807024E-003   5.7951068972093825E+019
   6.5789473684210523E-003   5.7861327965161226E+019
   8.7719298245614048E-003   5.7781145693444243E+019
   1.0964912280701756E-002   5.7706880185901195E+019
   1.3157894736842105E-002   5.7636672865063666E+019
   1.5350877192982457E-002   5.7569433743553323E+019
   1.7543859649122810E-002   5.7504461772848759E+019
   1.9736842105263157E-002   5.7441248989429686E+019
   2.1929824561403511E-002   5.7379451142643253E+019
   2.4122807017543862E-002   5.7318799726054056E+019
   2.6315789473684209E-002   5.7259092808091025E+019
   2.8508771929824563E-002   5.7200166373373673E+019
   3.0701754385964914E-002   5.7141894186506584E+019
   3.2894736842105268E-002   5.7084159883217093E+019
   3.5087719298245619E-002   5.7026875041529217E+019
   3.7280701754385963E-002   5.6969972304813638E+019
   3.9473684210526314E-002   5.6913396524727484E+019
   4.1666666666666671E-002   5.6857066389430166E+019
   4.3859649122807022E-002   5.6800957780961386E+019
   4.6052631578947373E-002   5.6745010295764853E+019
   4.8245614035087724E-002   5.6689212485781455E+019
   5.0438596491228067E-002   5.6633517854219141E+019
   5.2631578947368418E-002   5.6577887768628019E+019
   5.4824561403508776E-002   5.6522323855073288E+019
   5.7017543859649127E-002   5.6466777561124250E+019
   5.9210526315789477E-002   5.6411258288938566E+019
   6.1403508771929828E-002   5.6355708449471349E+019
   6.3596491228070179E-002   5.6300147148150170E+019
   6.5789473684210537E-002   5.6244542264551072E+019
   6.7982456140350880E-002   5.6188891904806560E+019
   7.0175438596491238E-002   5.6133175000898879E+019
   7.2368421052631582E-002   5.6077367610536739E+019
   7.4561403508771926E-002   5.6021496508350972E+019
   7.6754385964912283E-002   5.5965516227764347E+019
   7.8947368421052627E-002   5.5909432534245147E+019
   8.1140350877192985E-002   5.5853231757716382E+019
   8.3333333333333343E-002   5.5796917276925846E+019
   8.5526315789473700E-002   5.5740472519551861E+019
   8.7719298245614044E-002   5.5683917846868337E+019
   8.9912280701754388E-002   5.5627195269049065E+019
   9.2105263157894746E-002   5.5570342374244491E+019
   9.4298245614035089E-002   5.5513357653860655E+019
   9.6491228070175447E-002   5.5456198019812876E+019
   9.8684210526315791E-002   5.5398900049152131E+019
  0.10087719298245613        5.5341438862306402E+019
  0.10307017543859649        5.5283829970089017E+019
  0.10526315789473684        5.5226024988284158E+019
  0.10745614035087721        5.5168080677906301E+019
  0.10964912280701755        5.5109946739589784E+019
  0.11184210526315791        5.5051658356292338E+019
  0.11403508771929825        5.4993184893535453E+019
  0.11622807017543860        5.4934538991979536E+019
  0.11842105263157895        5.4875710636768518E+019
  0.12061403508771930        5.4816711973412872E+019
  0.12280701754385966        5.4757508796118794E+019
  0.12500000000000000        5.4698158963460162E+019
  0.12719298245614036        5.4638603848672289E+019
  0.12938596491228072        5.4578877809033691E+019
  0.13157894736842107        5.4518943791563145E+019
  0.13377192982456140        5.4458860459610169E+019
  0.13596491228070176        5.4398565436745622E+019
  0.13815789473684212        5.4338092964152869E+019
  0.14035087719298248        5.4277428198423790E+019
  0.14254385964912281        5.4216605973921546E+019
  0.14473684210526316        5.4155560225712742E+019
  0.14692982456140352        5.4094350733741670E+019
  0.14912280701754385        5.4032961400536908E+019
  0.15131578947368421        5.3971401435072086E+019
  0.15350877192982457        5.3909627476584661E+019
  0.15570175438596490        5.3847674112454484E+019
  0.15789473684210525        5.3785550098752766E+019
  0.16008771929824561        5.3723237306663600E+019
  0.16228070175438597        5.3660771125195866E+019
  0.16447368421052633        5.3598105769518727E+019
  0.16666666666666669        5.3535248980350992E+019
  0.16885964912280704        5.3472236304340869E+019
  0.17105263157894740        5.3409020291651527E+019
  0.17324561403508773        5.3345664534850658E+019
  0.17543859649122809        5.3282120884835664E+019
  0.17763157894736845        5.3218396742786957E+019
  0.17982456140350878        5.3154499558121103E+019
  0.18201754385964913        5.3090465737733915E+019
  0.18421052631578949        5.3026245179121000E+019
  0.18640350877192982        5.2961844892652716E+019
  0.18859649122807018        5.2897301404028895E+019
  0.19078947368421054        5.2832592705427317E+019
  0.19298245614035089        5.2767725928330314E+019
  0.19517543859649122        5.2702678230418432E+019
  0.19736842105263158        5.2637486469252243E+019
  0.19956140350877194        5.2572157880283890E+019
  0.20175438596491227        5.2506669193778348E+019
  0.20394736842105263        5.2441027185159045E+019
  0.20614035087719298        5.2375238662435553E+019
  0.20833333333333331        5.2309310463306826E+019
  0.21052631578947367        5.2243249452255379E+019
  0.21271929824561406        5.2177031157788705E+019
  0.21491228070175442        5.2110693530704740E+019
  0.21710526315789475        5.2044211828974256E+019
  0.21929824561403510        5.1977592537604162E+019
  0.22149122807017546        5.1910842167527162E+019
  0.22368421052631582        5.1843967252975510E+019
  0.22587719298245615        5.1776974348848996E+019
  0.22807017543859651        5.1709870028079514E+019
  0.23026315789473686        5.1642628307839377E+019
  0.23245614035087719        5.1575288078273470E+019
  0.23464912280701755        5.1507823106806170E+019
  0.23684210526315791        5.1440239610475528E+019
  0.23903508771929824        5.1372576947171230E+019
  0.24122807017543860        5.1304775259334820E+019
  0.24342105263157895        5.1236907184701317E+019
  0.24561403508771931        5.1168912366479491E+019
  0.24780701754385964        5.1100830348141986E+019
  0.25000000000000000        5.1032667427836125E+019
  0.25219298245614036        5.0964396035051889E+019
  0.25438596491228072        5.0896056116512358E+019
  0.25657894736842107        5.0827619881839469E+019
  0.25877192982456143        5.0759127525218288E+019
  0.26096491228070179        5.0690551037493838E+019
  0.26315789473684215        5.0621896409225839E+019
  0.26535087719298250        5.0553169637924184E+019
  0.26754385964912281        5.0484376725908586E+019
  0.26973684210526316        5.0415523678172758E+019
  0.27192982456140352        5.0346616500254720E+019
  0.27412280701754388        5.0277661196114936E+019
  0.27631578947368424        5.0208628750022246E+019
  0.27850877192982459        5.0139559996307579E+019
  0.28070175438596495        5.0070460929637818E+019
  0.28289473684210525        5.0001302262518030E+019
  0.28508771929824561        4.9932125079952105E+019
  0.28728070175438597        4.9862899919231508E+019
  0.28947368421052633        4.9793668011688862E+019
  0.29166666666666669        4.9724364146074927E+019
  0.29385964912280704        4.9655065119156625E+019
  0.29605263157894735        4.9585741134712439E+019
  0.29824561403508770        4.9516397893351686E+019
  0.30043859649122806        4.9447041086360920E+019
  0.30263157894736842        4.9377676393837191E+019
  0.30482456140350878        4.9308309482834993E+019
  0.30701754385964913        4.9238946005527740E+019
  0.30921052631578949        4.9169591597385449E+019
  0.31140350877192979        4.9100251875369558E+019
  0.31359649122807015        4.9030896291447595E+019
  0.31578947368421051        4.8961530295120577E+019
  0.31798245614035087        4.8892231779396846E+019
  0.32017543859649122        4.8822933871585559E+019
  0.32236842105263158        4.8753641977772507E+019
  0.32456140350877194        4.8684397817302032E+019
  0.32675438596491224        4.8615206853557010E+019
  0.32894736842105265        4.8546001760370721E+019
  0.33114035087719301        4.8476860602790404E+019
  0.33333333333333337        4.8407788759155663E+019
  0.33552631578947373        4.8338718695598957E+019
  0.33771929824561409        4.8269728533363933E+019
  0.33991228070175444        4.8200787088301548E+019
  0.34210526315789480        4.8131899571703128E+019
  0.34429824561403510        4.8063071168086974E+019
  0.34649122807017546        4.7994307033692676E+019
  0.34868421052631582        4.7925612294997017E+019
  0.35087719298245618        4.7856992047252210E+019
  0.35307017543859653        4.7788451353047523E+019
  0.35526315789473689        4.7719995240894734E+019
  0.35745614035087719        4.7651628703838700E+019
  0.35964912280701755        4.7583356698093142E+019
  0.36184210526315791        4.7515147713257136E+019
  0.36403508771929827        4.7447043092645757E+019
  0.36622807017543862        4.7379011292430254E+019
  0.36842105263157898        4.7311129918586298E+019
  0.37061403508771934        4.7243330981000045E+019
  0.37280701754385964        4.7175619281174512E+019
  0.37500000000000000        4.7108072151055131E+019
  0.37719298245614036        4.7040585388126765E+019
  0.37938596491228072        4.6973236213531009E+019
  0.38157894736842107        4.6906029176143315E+019
  0.38377192982456143        4.6838932644258636E+019
  0.38596491228070179        4.6771951196499141E+019
  0.38815789473684209        4.6705125414232777E+019
  0.39035087719298245        4.6638423662305616E+019
  0.39254385964912281        4.6571886336501785E+019
  0.39473684210526316        4.6505481803999797E+019
  0.39692982456140352        4.6439214430432010E+019
  0.39912280701754388        4.6373088538632577E+019
  0.40131578947368424        4.6307108407621796E+019
  0.40350877192982454        4.6241313920177684E+019
  0.40570175438596490        4.6175673485375406E+019
  0.40789473684210525        4.6110191238051389E+019
  0.41008771929824561        4.6044871265523171E+019
  0.41228070175438597        4.5979717606712295E+019
  0.41447368421052633        4.5914734251295457E+019
  0.41666666666666663        4.5849925138883985E+019
  0.41885964912280699        4.5785294158231970E+019
  0.42105263157894735        4.5720845146473251E+019
  0.42324561403508776        4.5656581888387375E+019
  0.42543859649122812        4.5592508115694854E+019
  0.42763157894736847        4.5528627506381668E+019
  0.42982456140350883        4.5464908967051084E+019
  0.43201754385964919        4.5401425591769219E+019
  0.43421052631578949        4.5338111555070976E+019
  0.43640350877192985        4.5275005036776997E+019
  0.43859649122807021        4.5212109442925167E+019
  0.44078947368421056        4.5149428122273096E+019
  0.44298245614035092        4.5086930227399033E+019
  0.44517543859649128        4.5024653335857652E+019
  0.44736842105263164        4.4962600627377226E+019
  0.44956140350877194        4.4900741399250788E+019
  0.45175438596491230        4.4839112753269137E+019
  0.45394736842105265        4.4777717696078881E+019
  0.45614035087719301        4.4716525682098921E+019
  0.45833333333333337        4.4655573317088805E+019
  0.46052631578947373        4.4594863431322608E+019
  0.46271929824561409        4.4534365648725705E+019
  0.46491228070175439        4.4474083033901457E+019
  0.46710526315789475        4.4414051505533002E+019
  0.46929824561403510        4.4354273657982853E+019
  0.47149122807017546        4.4294719363530400E+019
  0.47368421052631582        4.4235391468060746E+019
  0.47587719298245618        4.4176325172771693E+019
  0.47807017543859648        4.4117522832766919E+019
  0.48026315789473684        4.4058922439137362E+019
  0.48245614035087719        4.4000591047717782E+019
  0.48464912280701755        4.3942530834968011E+019
  0.48684210526315791        4.3884680406958399E+019
  0.48903508771929827        4.3827137482237370E+019
  0.49122807017543862        4.3769809200893313E+019
  0.49342105263157893        4.3712761009708138E+019
  0.49561403508771928        4.3655963578561552E+019
  0.49780701754385964        4.3599419141632868E+019
  0.50000000000000000        4.3543129878268772E+019
  0.50219298245614030        4.3487128696341881E+019
  0.50438596491228072        4.3431386595259245E+019
  0.50657894736842102        4.3375905586300494E+019
  0.50877192982456143        4.3320687625914810E+019
  0.51096491228070173        4.3265764819595878E+019
  0.51315789473684215        4.3211078459032117E+019
  0.51535087719298256        4.3156690594756985E+019
  0.51754385964912286        4.3102572757677613E+019
  0.51973684210526316        4.3048697019762917E+019
  0.52192982456140358        4.2995124375074144E+019
  0.52412280701754388        4.2941855942273090E+019
  0.52631578947368429        4.2888834475973075E+019
  0.52850877192982459        4.2836090897781318E+019
  0.53070175438596501        4.2783626618458071E+019
  0.53289473684210531        4.2731442995426812E+019
  0.53508771929824561        4.2679541333011694E+019
  0.53728070175438603        4.2627922882691990E+019
  0.53947368421052633        4.2576617063619297E+019
  0.54166666666666674        4.2525568424196628E+019
  0.54385964912280704        4.2474806436443152E+019
  0.54605263157894746        4.2424332143361393E+019
  0.54824561403508776        4.2374146536624579E+019
  0.55043859649122806        4.2324223130913898E+019
  0.55263157894736847        4.2274617828717330E+019
  0.55482456140350878        4.2225303883918852E+019
  0.55701754385964919        4.2176255143041237E+019
  0.55921052631578949        4.2127499613431267E+019
  0.56140350877192990        4.2079064607254241E+019
  0.56359649122807021        4.2030870909649936E+019
  0.56578947368421051        4.1982998974966047E+019
  0.56798245614035092        4.1935422731418354E+019
  0.57017543859649122        4.1888116711560782E+019
  0.57236842105263164        4.1841107664053248E+019
  0.57456140350877194        4.1794395996702777E+019
  0.57675438596491224        4.1747982071315390E+019
  0.57894736842105265        4.1701840892161794E+019
  0.58114035087719296        4.1655998371385967E+019
  0.58333333333333337        4.1610454736188899E+019
  0.58552631578947367        4.1565210169741959E+019
  0.58771929824561409        4.1520240158100783E+019
  0.58991228070175439        4.1475569781202330E+019
  0.59210526315789469        4.1431199093442503E+019
  0.59429824561403510        4.1387103948292366E+019
  0.59649122807017541        4.1343308805592318E+019
  0.59868421052631582        4.1299813595514683E+019
  0.60087719298245612        4.1256594543588934E+019
  0.60307017543859653        4.1213675493800575E+019
  0.60526315789473684        4.1171032922042384E+019
  0.60745614035087725        4.1128690264335303E+019
  0.60964912280701755        4.1086647254250086E+019
  0.61184210526315796        4.1044880746544218E+019
  0.61403508771929827        4.1003413569976508E+019
  0.61622807017543868        4.0962222833708351E+019
  0.61842105263157898        4.0921330964821606E+019
  0.62061403508771940        4.0880737513866838E+019
  0.62280701754385959        4.0840419974496772E+019
  0.62500000000000000        4.0800378317930848E+019
  0.62719298245614030        4.0760634176578019E+019
  0.62938596491228072        4.0721186964282499E+019
  0.63157894736842102        4.0682014691179667E+019
  0.63377192982456143        4.0643117192932499E+019
  0.63596491228070173        4.0604515319892386E+019
  0.63815789473684215        4.0566208358163128E+019
  0.64035087719298245        4.0528154112595870E+019
  0.64254385964912286        4.0490414468370866E+019
  0.64473684210526316        4.0452947330797036E+019
  0.64692982456140358        4.0415752347584029E+019
  0.64912280701754388        4.0378829136357679E+019
  0.65131578947368429        4.0342197212220416E+019
  0.65350877192982448        4.0305855658788028E+019
  0.65570175438596490        4.0269783922928296E+019
  0.65789473684210531        4.0233981509359157E+019
  0.66008771929824561        4.0198447895192232E+019
  0.66228070175438603        4.0163201670428385E+019
  0.66447368421052633        4.0128241790610506E+019
  0.66666666666666674        4.0093529530617086E+019
  0.66885964912280704        4.0059102077509493E+019
  0.67105263157894746        4.0024958316258107E+019
  0.67324561403508776        3.9991060378437452E+019
  0.67543859649122817        3.9957444451540369E+019
  0.67763157894736847        3.9924091294441882E+019
  0.67982456140350889        3.9891018070985040E+019
  0.68201754385964919        3.9858205802776535E+019
  0.68421052631578960        3.9825653702092571E+019
  0.68640350877192979        3.9793378415885681E+019
  0.68859649122807021        3.9761344051182363E+019
  0.69078947368421051        3.9729584521153053E+019
  0.69298245614035092        3.9698081499505443E+019
  0.69517543859649122        3.9666850959145910E+019
  0.69736842105263164        3.9635874834805670E+019
  0.69956140350877194        3.9605135630705107E+019
  0.70175438596491235        3.9574682111839027E+019
  0.70394736842105265        3.9544463606461350E+019
  0.70614035087719307        3.9514511840216424E+019
  0.70833333333333337        3.9484793401413165E+019
  0.71052631578947378        3.9455339406087799E+019
  0.71271929824561397        3.9426132690941911E+019
  0.71491228070175439        3.9397187779635446E+019
  0.71710526315789469        3.9368472339303014E+019
  0.71929824561403510        3.9340016291593970E+019
  0.72149122807017541        3.9311802983947256E+019
  0.72368421052631582        3.9283831316789543E+019
  0.72587719298245612        3.9256100177001546E+019
  0.72807017543859653        3.9228608438334431E+019
  0.73026315789473684        3.9201369562197082E+019
  0.73245614035087725        3.9174353061513798E+019
  0.73464912280701755        3.9147586840423162E+019
  0.73684210526315796        3.9121040928525132E+019
  0.73903508771929827        3.9094742670404026E+019
  0.74122807017543868        3.9068676540820513E+019
  0.74342105263157887        3.9042841335343112E+019
  0.74561403508771928        3.9017235839619236E+019
  0.74780701754385959        3.8991872372098302E+019
  0.75000000000000000        3.8966722486355976E+019
  0.75219298245614041        3.8941798612362781E+019
  0.75438596491228072        3.8917112658636022E+019
  0.75657894736842113        3.8892636922979410E+019
  0.75877192982456143        3.8868396332374090E+019
  0.76096491228070184        3.8844363674443432E+019
  0.76315789473684215        3.8820563360194896E+019
  0.76535087719298256        3.8796968661947621E+019
  0.76754385964912286        3.8773603482645365E+019
  0.76973684210526327        3.8750453866560266E+019
  0.77192982456140358        3.8727506339113370E+019
  0.77412280701754399        3.8704784056041644E+019
  0.77631578947368418        3.8682273411980149E+019
  0.77850877192982459        3.8659961273758597E+019
  0.78070175438596490        3.8637870067659325E+019
  0.78289473684210531        3.8615974952017379E+019
  0.78508771929824561        3.8594297876602421E+019
  0.78728070175438603        3.8572825809720762E+019
  0.78947368421052633        3.8551546176768516E+019
  0.79166666666666674        3.8530480227492831E+019
  0.79385964912280704        3.8509604255042396E+019
  0.79605263157894746        3.8488939052184961E+019
  0.79824561403508776        3.8468461356340068E+019
  0.80043859649122817        3.8448180829677896E+019
  0.80263157894736847        3.8428096119912120E+019
  0.80482456140350889        3.8408216337933525E+019
  0.80701754385964908        3.8388519093026152E+019
  0.80921052631578949        3.8369013602318533E+019
  0.81140350877192979        3.8349688364598288E+019
  0.81359649122807021        3.8330562419022373E+019
  0.81578947368421051        3.8311624158478328E+019
  0.81798245614035092        3.8292862393339601E+019
  0.82017543859649122        3.8274295537294492E+019
  0.82236842105263164        3.8255902668851175E+019
  0.82456140350877194        3.8237701794041209E+019
  0.82675438596491235        3.8219672399111807E+019
  0.82894736842105265        3.8201822759532732E+019
  0.83114035087719307        3.8184151522432287E+019
  0.83333333333333326        3.8166648201967837E+019
  0.83552631578947367        3.8149329814688874E+019
  0.83771929824561397        3.8132176839068148E+019
  0.83991228070175439        3.8115205909474238E+019
  0.84210526315789469        3.8098397892325278E+019
  0.84429824561403510        3.8081760387432071E+019
  0.84649122807017552        3.8065283488316162E+019
  0.84868421052631582        3.8048983083919311E+019
  0.85087719298245623        3.8032840797279240E+019
  0.85307017543859653        3.8016872156303655E+019
  0.85526315789473695        3.8001059155067322E+019
  0.85745614035087725        3.7985408851976954E+019
  0.85964912280701766        3.7969911897841918E+019
  0.86184210526315796        3.7954583116821742E+019
  0.86403508771929838        3.7939405225940918E+019
  0.86622807017543857        3.7924384940686885E+019
  0.86842105263157898        3.7909520953463669E+019
  0.87061403508771928        3.7894811961143910E+019
  0.87280701754385970        3.7880249149578346E+019
  0.87500000000000000        3.7865838905879290E+019
  0.87719298245614041        3.7851579938815377E+019
  0.87938596491228072        3.7837470962126742E+019
  0.88157894736842113        3.7823503505252434E+019
  0.88377192982456143        3.7809690750665531E+019
  0.88596491228070184        3.7796017127160914E+019
  0.88815789473684215        3.7782481604214931E+019
  0.89035087719298256        3.7769096902242304E+019
  0.89254385964912286        3.7755847936142967E+019
  0.89473684210526327        3.7742740405538816E+019
  0.89692982456140347        3.7729773063437894E+019
  0.89912280701754388        3.7716938096874930E+019
  0.90131578947368418        3.7704240990580081E+019
  0.90350877192982459        3.7691680513393852E+019
  0.90570175438596490        3.7679255440318038E+019
  0.90789473684210531        3.7666958272516571E+019
  0.91008771929824561        3.7654794220031844E+019
  0.91228070175438603        3.7642762074714399E+019
  0.91447368421052633        3.7630854566456459E+019
  0.91666666666666674        3.7619082706100249E+019
  0.91885964912280704        3.7607427305386459E+019
  0.92105263157894746        3.7595905178005815E+019
  0.92324561403508776        3.7584503351883227E+019
  0.92543859649122817        3.7573226585237914E+019
  0.92763157894736836        3.7562073712436830E+019
  0.92982456140350878        3.7551037976812806E+019
  0.93201754385964908        3.7540123953657717E+019
  0.93421052631578949        3.7529330496182305E+019
  0.93640350877192990        3.7518651058637079E+019
  0.93859649122807021        3.7508090039718134E+019
  0.94078947368421062        3.7497641030766207E+019
  0.94298245614035092        3.7487313535242117E+019
  0.94517543859649134        3.7477095937885020E+019
  0.94736842105263164        3.7466987313461502E+019
  0.94956140350877205        3.7456991779316851E+019
  0.95175438596491235        3.7447108240376832E+019
  0.95394736842105277        3.7437335608897479E+019
  0.95614035087719296        3.7427667940795564E+019
  0.95833333333333348        3.7418109141195522E+019
  0.96052631578947367        3.7408653392904298E+019
  0.96271929824561409        3.7399304497833845E+019
  0.96491228070175439        3.7390061401658425E+019
  0.96710526315789480        3.7380918474269090E+019
  0.96929824561403510        3.7371879368227602E+019
  0.97149122807017552        3.7362943049908363E+019
  0.97368421052631582        3.7354104071350026E+019
  0.97587719298245623        3.7345365941129069E+019
  0.97807017543859653        3.7336723329464189E+019
  0.98026315789473695        3.7328179651285713E+019
  0.98245614035087725        3.7319729692888523E+019
  0.98464912280701766        3.7311380941648921E+019
  0.98684210526315785        3.7303119920203301E+019
  0.98903508771929827        3.7294958141695074E+019
  0.99122807017543857        3.7286886456048304E+019
  0.99342105263157898        3.7278904045237223E+019
  0.99561403508771928        3.7271014014822949E+019
  0.99780701754385970        3.7263215413524177E+019
   1.0000000000000000        3.7255503472724394E+019
