   0.0000000000000000        4.3029681644074627     
   7.8125000000000000E-003   4.1949338064843653     
   1.5625000000000000E-002   4.1376494094709368     
   2.3437500000000000E-002   4.0877004070914813     
   3.1250000000000000E-002   4.0411031290659905     
   3.9062500000000000E-002   3.9963602033983037     
   4.6875000000000000E-002   3.9527202324925987     
   5.4687500000000000E-002   3.9097551360720839     
   6.2500000000000000E-002   3.8672005122244113     
   7.0312500000000000E-002   3.8248791836035223     
   7.8125000000000000E-002   3.7826684358038922     
   8.5937500000000000E-002   3.7404882486096045     
   9.3750000000000000E-002   3.6982824204113434     
  0.10156250000000000        3.6560050103542281     
  0.10937500000000000        3.6136396965712754     
  0.11718750000000000        3.5711648990013760     
  0.12500000000000000        3.5285763015619809     
  0.13281250000000000        3.4858685813810899     
  0.14062500000000000        3.4430527854615667     
  0.14843750000000000        3.4001349950262085     
  0.15625000000000000        3.3571276613123686     
  0.16406250000000000        3.3140463013336396     
  0.17187500000000000        3.2709108076377333     
  0.17968750000000000        3.2277411912846463     
  0.18750000000000000        3.1845527300581913     
  0.19531250000000000        3.1413841680525190     
  0.20312500000000000        3.0982431070827010     
  0.21093750000000000        3.0551730690636654     
  0.21875000000000000        3.0121865667111445     
  0.22656250000000000        2.9693161272040203     
  0.23437500000000000        2.9265977992832326     
  0.24218749999999997        2.8840479421773968     
  0.25000000000000000        2.8417040069650401     
  0.25781250000000000        2.7995897327120436     
  0.26562500000000000        2.7577327111623697     
  0.27343750000000000        2.7161644952218107     
  0.28125000000000000        2.6749147455122393     
  0.28906250000000000        2.6340053803273591     
  0.29687500000000000        2.5934682126325703     
  0.30468750000000000        2.5533273412732886     
  0.31250000000000000        2.5136050741245262     
  0.32031250000000000        2.4743277150838390     
  0.32812500000000000        2.4355197064487051     
  0.33593750000000000        2.3972036398462713     
  0.34375000000000000        2.3594002768859226     
  0.35156249999999994        2.3221230518469866     
  0.35937500000000000        2.2854002805828988     
  0.36718750000000000        2.2492418551825750     
  0.37500000000000000        2.2136669069117465     
  0.38281250000000006        2.1786874038975999     
  0.39062500000000000        2.1443189052335905     
  0.39843750000000000        2.1105751302582232     
  0.40625000000000000        2.0774630024214860     
  0.41406250000000000        2.0449929537094640     
  0.42187500000000000        2.0131785477806408     
  0.42968750000000000        1.9820171767276111     
  0.43750000000000000        1.9515193000397200     
  0.44531250000000000        1.9216844353257596     
  0.45312500000000000        1.8925199297708120     
  0.46093750000000000        1.8640270455383199     
  0.46875000000000000        1.8362057575541559     
  0.47656250000000000        1.8090548285500434     
  0.48437499999999994        1.7825718847593230     
  0.49218750000000000        1.7567534916958694     
  0.50000000000000000        1.7315990678945028     
  0.50781250000000000        1.7071029829004996     
  0.51562500000000000        1.6832587709244906     
  0.52343750000000000        1.6600592038693862     
  0.53125000000000000        1.6374998042718947     
  0.53906250000000000        1.6155750826251902     
  0.54687500000000000        1.5942688673631666     
  0.55468750000000000        1.5735810349131278     
  0.56250000000000000        1.5534976635006281     
  0.57031250000000000        1.5340107832582166     
  0.57812500000000000        1.5151088791306921     
  0.58593750000000000        1.4967801922088928     
  0.59375000000000000        1.4790181658187498     
  0.60156249999999989        1.4618075670723552     
  0.60937500000000000        1.4451409976094496     
  0.61718750000000000        1.4290030050716604     
  0.62500000000000000        1.4133831887015305     
  0.63281250000000000        1.3982708532495853     
  0.64062500000000000        1.3836550572496646     
  0.64843750000000000        1.3695203968747385     
  0.65625000000000000        1.3558580722986853     
  0.66406250000000011        1.3426568711050257     
  0.67187500000000000        1.3299016595922779     
  0.67968750000000000        1.3175814875239833     
  0.68750000000000000        1.3056853589495412     
  0.69531250000000000        1.2942039787295434     
  0.70312499999999989        1.2831211990528275     
  0.71093750000000000        1.2724280221743247     
  0.71875000000000000        1.2621137204659199     
  0.72656250000000000        1.2521676387905945     
  0.73437500000000000        1.2425763716501896     
  0.74218750000000000        1.2333311558879316     
  0.75000000000000000        1.2244218102731457     
  0.75781250000000000        1.2158370188705343     
  0.76562500000000011        1.2075658040857555     
  0.77343750000000000        1.1995998606668918     
  0.78125000000000000        1.1919297236719748     
  0.78906250000000000        1.1845439337538517     
  0.79687500000000000        1.1774356930676910     
  0.80468749999999989        1.1705940529211183     
  0.81250000000000000        1.1640104799524424     
  0.82031250000000000        1.1576766141007127     
  0.82812500000000000        1.1515842730257728     
  0.83593750000000000        1.1457254556792738     
  0.84375000000000000        1.1400915338686299     
  0.85156250000000000        1.1346757541525352     
  0.85937500000000000        1.1294691770975389     
  0.86718749999999989        1.1244654440261268     
  0.87500000000000000        1.1196575670367155     
  0.88281250000000000        1.1150380827978956     
  0.89062500000000000        1.1106010794291894     
  0.89843750000000000        1.1063389030449746     
  0.90625000000000000        1.1022460175157547     
  0.91406250000000000        1.0983164017438996     
  0.92187500000000000        1.0945442056173484     
  0.92968750000000011        1.0909232402507862     
  0.93750000000000000        1.0874475705545616     
  0.94531250000000000        1.0841129007587511     
  0.95312500000000000        1.0809135913518855     
  0.96093750000000000        1.0778446658919645     
  0.96874999999999989        1.0749008927905785     
  0.97656250000000000        1.0720780413133479     
  0.98437500000000000        1.0693712095344079     
  0.99218750000000000        1.0667760618697606     
   1.0000000000000000        1.0642884001562827     
