   0.0000000000000000        4.3029681644074627     
   2.1929824561403512E-003   4.2505474751166199     
   4.3859649122807024E-003   4.2257460122357555     
   6.5789473684210523E-003   4.2053557020648258     
   8.7719298245614048E-003   4.1871939113111392     
   1.0964912280701756E-002   4.1704199225285477     
   1.3157894736842105E-002   4.1546045836508005     
   1.5350877192982457E-002   4.1394961382303874     
   1.7543859649122810E-002   4.1249326289400887     
   1.9736842105263157E-002   4.1107968999030229     
   2.1929824561403511E-002   4.0970094400089776     
   2.4122807017543862E-002   4.0835083457796379     
   2.6315789473684209E-002   4.0702470630257137     
   2.8508771929824563E-002   4.0571878569513204     
   3.0701754385964914E-002   4.0443016760383612     
   3.2894736842105268E-002   4.0315619003666221     
   3.5087719298245619E-002   4.0189482864658155     
   3.7280701754385963E-002   4.0064453875917714     
   3.9473684210526314E-002   3.9940405616480605     
   4.1666666666666671E-002   3.9817155539341802     
   4.3859649122807022E-002   3.9694647366118168     
   4.6052631578947373E-002   3.9572746301262498     
   4.8245614035087724E-002   3.9451424996278819     
   5.0438596491228067E-002   3.9330580352305171     
   5.2631578947368418E-002   3.9210127129523529     
   5.4824561403508776E-002   3.9090067687161794     
   5.7017543859649127E-002   3.8970296273766856     
   5.9210526315789477E-002   3.8850832586323842     
   6.1403508771929828E-002   3.8731552456196741     
   6.3596491228070179E-002   3.8612496915416825     
   6.5789473684210537E-002   3.8493597231649623     
   6.7982456140350880E-002   3.8374849677878466     
   7.0175438596491238E-002   3.8256209774972980     
   7.2368421052631582E-002   3.8137627319574534     
   7.4561403508771926E-002   3.8019159961721392     
   7.6754385964912283E-002   3.7900712178284337     
   7.8947368421052627E-002   3.7782297317595348     
   8.1140350877192985E-002   3.7663887718793339     
   8.3333333333333343E-002   3.7545491771657753     
   8.5526315789473700E-002   3.7427075994311618     
   8.7719298245614044E-002   3.7308684436905426     
   8.9912280701754388E-002   3.7190197292122220     
   9.2105263157894746E-002   3.7071694804518773     
   9.4298245614035089E-002   3.6953175312644615     
   9.6491228070175447E-002   3.6834550986007986     
   9.8684210526315791E-002   3.6715899564732246     
  0.10087719298245613        3.6597171281177232     
  0.10307017543859649        3.6478400001341695     
  0.10526315789473684        3.6359488015054651     
  0.10745614035087721        3.6240554073463080     
  0.10964912280701755        3.6121496878146351     
  0.11184210526315791        3.6002390531873765     
  0.11403508771929825        3.5883174455174061     
  0.11622807017543860        3.5763876564211246     
  0.11842105263157895        3.5644478614569630     
  0.12061403508771930        3.5525007371415018     
  0.12280701754385966        3.5405395837882052     
  0.12500000000000000        3.5285763015619809     
  0.12719298245614036        3.5165992842884508     
  0.12938596491228072        3.5046156698990902     
  0.13157894736842107        3.4926182544615396     
  0.13377192982456140        3.4806189965667604     
  0.13596491228070176        3.4686056572913686     
  0.13815789473684212        3.4565852971209403     
  0.14035087719298248        3.4445551903075087     
  0.14254385964912281        3.4325224554465978     
  0.14473684210526316        3.4204742555692405     
  0.14692982456140352        3.4084226266020119     
  0.14912280701754385        3.3963646058547621     
  0.15131578947368421        3.3843022138655772     
  0.15350877192982457        3.3722271903970302     
  0.15570175438596490        3.3601465387843756     
  0.15789473684210525        3.3480621781596422     
  0.16008771929824561        3.3359708006105242     
  0.16228070175438597        3.3238794793538786     
  0.16447368421052633        3.3117795657315652     
  0.16666666666666669        3.2996727954833522     
  0.16885964912280704        3.2875662252962217     
  0.17105263157894740        3.2754509573887458     
  0.17324561403508773        3.2633393863037123     
  0.17543859649122809        3.2512225034712703     
  0.17763157894736845        3.2391019456358063     
  0.17982456140350878        3.2269793444471802     
  0.18201754385964913        3.2148617899853322     
  0.18421052631578949        3.2027399938589829     
  0.18640350877192982        3.1906155034361876     
  0.18859649122807018        3.1784953877960795     
  0.19078947368421054        3.1663756961080196     
  0.19298245614035089        3.1542579566980526     
  0.19517543859649122        3.1421381064556666     
  0.19736842105263158        3.1300232065401841     
  0.19956140350877194        3.1179147629757482     
  0.20175438596491227        3.1058086358439798     
  0.20394736842105263        3.0937062626791860     
  0.20614035087719298        3.0816090736512183     
  0.20833333333333331        3.0695184909225293     
  0.21052631578947367        3.0574359280159666     
  0.21271929824561406        3.0453570765462548     
  0.21491228070175442        3.0332890164982014     
  0.21710526315789475        3.0212273943506123     
  0.21929824561403510        3.0091735474758199     
  0.22149122807017546        2.9971288050160076     
  0.22368421052631582        2.9850944873262453     
  0.22587719298245615        2.9730719054278070     
  0.22807017543859651        2.9610623604722366     
  0.23026315789473686        2.9490613380686126     
  0.23245614035087719        2.9370759051556372     
  0.23464912280701755        2.9251015092091004     
  0.23684210526315791        2.9131393847238662     
  0.23903508771929824        2.9011965950934564     
  0.24122807017543860        2.8892626872454845     
  0.24342105263157895        2.8773505487156688     
  0.24561403508771931        2.8654496788634725     
  0.24780701754385964        2.8535671071357354     
  0.25000000000000000        2.8417040069650401     
  0.25219298245614036        2.8298556696757329     
  0.25438596491228072        2.8180291082746454     
  0.25657894736842107        2.8062195846448428     
  0.25877192982456143        2.7944340965735557     
  0.26096491228070179        2.7826678770940938     
  0.26315789473684215        2.7709220226774671     
  0.26535087719298250        2.7591976189812786     
  0.26754385964912281        2.7474957404807721     
  0.26973684210526316        2.7358174501098418     
  0.27192982456140352        2.7241637989122118     
  0.27412280701754388        2.7125358257029957     
  0.27631578947368424        2.7009286777063815     
  0.27850877192982459        2.6893492521261879     
  0.28070175438596495        2.6777985507160338     
  0.28289473684210525        2.6662716914307767     
  0.28508771929824561        2.6547755269312256     
  0.28728070175438597        2.6433051572363220     
  0.28947368421052633        2.6318674017886696     
  0.29166666666666669        2.6204514920230113     
  0.29385964912280704        2.6090700744779718     
  0.29605263157894735        2.5977182175315892     
  0.29824561403508770        2.5863968341621604     
  0.30043859649122806        2.5751068247040934     
  0.30263157894736842        2.5638490766047020     
  0.30482456140350878        2.5526244641908087     
  0.30701754385964913        2.5414338484452159     
  0.30921052631578949        2.5302780767931328     
  0.31140350877192979        2.5191579828986197     
  0.31359649122807015        2.5080686158985896     
  0.31578947368421051        2.4970108133317068     
  0.31798245614035087        2.4859968987118264     
  0.32017543859649122        2.4750161422952757     
  0.32236842105263158        2.4640693434559369     
  0.32456140350877194        2.4531630022221691     
  0.32675438596491224        2.4422978548379035     
  0.32894736842105265        2.4314632489041248     
  0.33114035087719301        2.4206713185764888     
  0.33333333333333337        2.4099227569016102     
  0.33552631578947373        2.3992069524256898     
  0.33771929824561409        2.3885359157554480     
  0.33991228070175444        2.3779046812893752     
  0.34210526315789480        2.3673139290280090     
  0.34429824561403510        2.3567643254515218     
  0.34649122807017546        2.3462565234104318     
  0.34868421052631582        2.3357911620249205     
  0.35087719298245618        2.3253688665927106     
  0.35307017543859653        2.3149902485054787     
  0.35526315789473689        2.3046559051737492     
  0.35745614035087719        2.2943664199602232     
  0.35964912280701755        2.2841223621214568     
  0.36184210526315791        2.2739188456385517     
  0.36403508771929827        2.2637618909879915     
  0.36622807017543862        2.2536466234764005     
  0.36842105263157898        2.2435843809637461     
  0.37061403508771934        2.2335648783379964     
  0.37280701754385964        2.2235886617778053     
  0.37500000000000000        2.2136669069117465     
  0.37719298245614036        2.2037841085887644     
  0.37938596491228072        2.1939513947016032     
  0.38157894736842107        2.1841691952173337     
  0.38377192982456143        2.1744326907905713     
  0.38596491228070179        2.1647423493078928     
  0.38815789473684209        2.1551038162910681     
  0.39035087719298245        2.1455122984626604     
  0.39254385964912281        2.1359733694940535     
  0.39473684210526316        2.1264822546016413     
  0.39692982456140352        2.1170393566564685     
  0.39912280701754388        2.1076450658621488     
  0.40131578947368424        2.0982997597692048     
  0.40350877192982454        2.0890088296849525     
  0.40570175438596490        2.0797675528903401     
  0.40789473684210525        2.0705762685015086     
  0.41008771929824561        2.0614353031248163     
  0.41228070175438597        2.0523449709006329     
  0.41447368421052633        2.0433055735526757     
  0.41666666666666663        2.0343174004427724     
  0.41885964912280699        2.0253807286309056     
  0.42105263157894735        2.0164958229404339     
  0.42324561403508776        2.0076629360283347     
  0.42543859649122812        1.9988823084603697     
  0.42763157894736847        1.9901541687910016     
  0.42982456140350883        1.9814740112889666     
  0.43201754385964919        1.9728515118405698     
  0.43421052631578949        1.9642774454287386     
  0.43640350877192985        1.9557567161868468     
  0.43859649122807021        1.9472894943199446     
  0.44078947368421056        1.9388759385695864     
  0.44298245614035092        1.9305116341687150     
  0.44517543859649128        1.9222013336131101     
  0.44736842105263164        1.9139451622118979     
  0.44956140350877194        1.9057387537006421     
  0.45175438596491230        1.8975867467654524     
  0.45394736842105265        1.8894892342424325     
  0.45614035087719301        1.8814419001585991     
  0.45833333333333337        1.8734492695080625     
  0.46052631578947373        1.8655114037024665     
  0.46271929824561409        1.8576240387822722     
  0.46491228070175439        1.8497872991365842     
  0.46710526315789475        1.8420055588576696     
  0.46929824561403510        1.8342788393002478     
  0.47149122807017546        1.8266029485171134     
  0.47368421052631582        1.8189779724534469     
  0.47587719298245618        1.8114081353106386     
  0.47807017543859648        1.8038934204487294     
  0.48026315789473684        1.7964256192162424     
  0.48245614035087719        1.7890129919055748     
  0.48464912280701755        1.7816554948208450     
  0.48684210526315791        1.7743450613359146     
  0.48903508771929827        1.7670937359895507     
  0.49122807017543862        1.7598895123863818     
  0.49342105263157893        1.7527403268463035     
  0.49561403508771928        1.7456421987378690     
  0.49780701754385964        1.7385951183178978     
  0.50000000000000000        1.7315990678945028     
  0.50219298245614030        1.7246578322838149     
  0.50438596491228072        1.7177675118291216     
  0.50657894736842102        1.7109280658017603     
  0.50877192982456143        1.7041394460349395     
  0.51096491228070173        1.6974052953954879     
  0.51315789473684215        1.6907181266069964     
  0.51535087719298256        1.6840852388145398     
  0.51754385964912286        1.6775028571512811     
  0.51973684210526316        1.6709673113399039     
  0.52192982456140358        1.6644857130750101     
  0.52412280701754388        1.6580578826995034     
  0.52631578947368429        1.6516766265427232     
  0.52850877192982459        1.6453453946897874     
  0.53070175438596501        1.6390640718370126     
  0.53289473684210531        1.6328325366705696     
  0.53508771929824561        1.6266506619963128     
  0.53728070175438603        1.6205183148695053     
  0.53947368421052633        1.6144386964844755     
  0.54166666666666674        1.6084049561571176     
  0.54385964912280704        1.6024203114176636     
  0.54605263157894746        1.5964846076147605     
  0.54824561403508776        1.5905976849911234     
  0.55043859649122806        1.5847561737171021     
  0.55263157894736847        1.5789663410538350     
  0.55482456140350878        1.5732247808389805     
  0.55701754385964919        1.5675281887643959     
  0.55921052631578949        1.5618795595736681     
  0.56140350877192990        1.5562817779682592     
  0.56359649122807021        1.5507254334088272     
  0.56578947368421051        1.5452195477521136     
  0.56798245614035092        1.5397608478588434     
  0.57017543859649122        1.5343461607202709     
  0.57236842105263164        1.5289782985200220     
  0.57456140350877194        1.5236570492674535     
  0.57675438596491224        1.5183821974512433     
  0.57894736842105265        1.5131506576115601     
  0.58114035087719296        1.5079651245928019     
  0.58333333333333337        1.5028253726429499     
  0.58552631578947367        1.4977311729428786     
  0.58771929824561409        1.4926795274639955     
  0.58991228070175439        1.4876730173529151     
  0.59210526315789469        1.4827114048628323     
  0.59429824561403510        1.4777917572633870     
  0.59649122807017541        1.4729165727419071     
  0.59868421052631582        1.4680856055684328     
  0.60087719298245612        1.4632959880753131     
  0.60307017543859653        1.4585501375570746     
  0.60526315789473684        1.4538452294260358     
  0.60745614035087725        1.4491836280584092     
  0.60964912280701755        1.4445650762875688     
  0.61184210526315796        1.4399868140533174     
  0.61403508771929827        1.4354511282748315     
  0.61622807017543868        1.4309553015492125     
  0.61842105263157898        1.4265015701615864     
  0.62061403508771940        1.4220896678718473     
  0.62280701754385959        1.4177169410925308     
  0.62500000000000000        1.4133831887015305     
  0.62719298245614030        1.4090905484397909     
  0.62938596491228072        1.4048387482199782     
  0.63157894736842102        1.4006252184713617     
  0.63377192982456143        1.3964497511771818     
  0.63596491228070173        1.3923143891255161     
  0.63815789473684215        1.3882188556953596     
  0.64035087719298245        1.3841584550795842     
  0.64254385964912286        1.3801396013037530     
  0.64473684210526316        1.3761576180597921     
  0.64692982456140358        1.3722122892911723     
  0.64912280701754388        1.3683033976415093     
  0.65131578947368429        1.3644328280132363     
  0.65350877192982448        1.3606002985225774     
  0.65570175438596490        1.3568034648296543     
  0.65789473684210531        1.3530421059051612     
  0.66008771929824561        1.3493159997498683     
  0.66228070175438603        1.3456269248982646     
  0.66447368421052633        1.3419745976855384     
  0.66666666666666674        1.3383548112130708     
  0.66885964912280704        1.3347712840821400     
  0.67105263157894746        1.3312237322057336     
  0.67324561403508776        1.3277080655827111     
  0.67543859649122817        1.3242278838218318     
  0.67763157894736847        1.3207810381466443     
  0.67982456140350889        1.3173691476384441     
  0.68201754385964919        1.3139901017211266     
  0.68421052631578960        1.3106436733284890     
  0.68640350877192979        1.3073314250204071     
  0.68859649122807021        1.3040495309951228     
  0.69078947368421051        1.3008013252322532     
  0.69298245614035092        1.2975847902895703     
  0.69517543859649122        1.2944014159376827     
  0.69736842105263164        1.2912492215580522     
  0.69956140350877194        1.2881262978686332     
  0.70175438596491235        1.2850374636570270     
  0.70394736842105265        1.2819774457181230     
  0.70614035087719307        1.2789493290054856     
  0.70833333333333337        1.2759496095416729     
  0.71052631578947378        1.2729813038532543     
  0.71271929824561397        1.2700425558652337     
  0.71491228070175439        1.2671347024368291     
  0.71710526315789469        1.2642543762537115     
  0.71929824561403510        1.2614044612789792     
  0.72149122807017541        1.2585831704730022     
  0.72368421052631582        1.2557902798637570     
  0.72587719298245612        1.2530255659165206     
  0.72807017543859653        1.2502888055659340     
  0.73026315789473684        1.2475812264735542     
  0.73245614035087725        1.2448996906387784     
  0.73464912280701755        1.2422468618062172     
  0.73684210526315796        1.2396196651637712     
  0.73903508771929827        1.2370207041612544     
  0.74122807017543868        1.2344483402349928     
  0.74342105263157887        1.2319023548315606     
  0.74561403508771928        1.2293825300913546     
  0.74780701754385959        1.2268899788057537     
  0.75000000000000000        1.2244218102731457     
  0.75219298245614041        1.2219791533623934     
  0.75438596491228072        1.2195630802450594     
  0.75657894736842113        1.2171707888053878     
  0.75877192982456143        1.2148046260896306     
  0.76096491228070184        1.2124618478415481     
  0.76315789473684215        1.2101447471634790     
  0.76535087719298256        1.2078506367106123     
  0.76754385964912286        1.2055817567391003     
  0.76973684210526327        1.2033366672609576     
  0.77192982456140358        1.2011139826036312     
  0.77412280701754399        1.1989158657834775     
  0.77631578947368418        1.1967409199048065     
  0.77850877192982459        1.1945878009445769     
  0.78070175438596490        1.1924585970574550     
  0.78289473684210531        1.1903508391650048     
  0.78508771929824561        1.1882665668038421     
  0.78728070175438603        1.1862044527165296     
  0.78947368421052633        1.1841632201599932     
  0.79166666666666674        1.1821448376502097     
  0.79385964912280704        1.1801469650540113     
  0.79605263157894746        1.1781715247791140     
  0.79824561403508776        1.1762162266960288     
  0.80043859649122817        1.1742819298914688     
  0.80263157894736847        1.1723684412211131     
  0.80482456140350889        1.1704765639840744     
  0.80701754385964908        1.1686041054121772     
  0.80921052631578949        1.1667518824708789     
  0.81140350877192979        1.1649187447444571     
  0.81359649122807021        1.1631064394396009     
  0.81578947368421051        1.1613138074249809     
  0.81798245614035092        1.1595397342733680     
  0.82017543859649122        1.1577859054190525     
  0.82236842105263164        1.1560502898429914     
  0.82456140350877194        1.1543345329070702     
  0.82675438596491235        1.1526366480019505     
  0.82894736842105265        1.1509573639322765     
  0.83114035087719307        1.1492965024682245     
  0.83333333333333326        1.1476530293090772     
  0.83552631578947367        1.1460284930875653     
  0.83771929824561397        1.1444210143336209     
  0.83991228070175439        1.1428321045764009     
  0.84210526315789469        1.1412599259177070     
  0.84429824561403510        1.1397051447370228     
  0.84649122807017552        1.1381667915537852     
  0.84868421052631582        1.1366463058213137     
  0.85087719298245623        1.1351419301404404     
  0.85307017543859653        1.1336550692570162     
  0.85526315789473695        1.1321840050102550     
  0.85745614035087725        1.1307293542361361     
  0.85964912280701766        1.1292902088599390     
  0.86184210526315796        1.1278679062255628     
  0.86403508771929838        1.1264608041078419     
  0.86622807017543857        1.1250694881568388     
  0.86842105263157898        1.1236938000987429     
  0.87061403508771928        1.1223335828891301     
  0.87280701754385970        1.1209879865549064     
  0.87500000000000000        1.1196575670367155     
  0.87719298245614041        1.1183421707038610     
  0.87938596491228072        1.1170416451499456     
  0.88157894736842113        1.1157551772734997     
  0.88377192982456143        1.1144839487856129     
  0.88596491228070184        1.1132264947807087     
  0.88815789473684215        1.1119826907578760     
  0.89035087719298256        1.1107536749937204     
  0.89254385964912286        1.1095380322971355     
  0.89473684210526327        1.1083362568898816     
  0.89692982456140347        1.1071482055694761     
  0.89912280701754388        1.1059731348807993     
  0.90131578947368418        1.1048115198618851     
  0.90350877192982459        1.1036632206628278     
  0.90570175438596490        1.1025280986245170     
  0.90789473684210531        1.1014054431404612     
  0.91008771929824561        1.1002957048266560     
  0.91228070175438603        1.0991987483400396     
  0.91447368421052633        1.0981138868200424     
  0.91666666666666674        1.0970420993143601     
  0.91885964912280704        1.0959816156864892     
  0.92105263157894746        1.0949339431215790     
  0.92324561403508776        1.0938978793862459     
  0.92543859649122817        1.0928738351116929     
  0.92763157894736836        1.0918616826421561     
  0.92982456140350878        1.0908607879148438     
  0.93201754385964908        1.0898715454344885     
  0.93421052631578949        1.0888938307472522     
  0.93640350877192990        1.0879270312751315     
  0.93859649122807021        1.0869715259905519     
  0.94078947368421062        1.0860267162140989     
  0.94298245614035092        1.0850934423716234     
  0.94517543859649134        1.0841706363139099     
  0.94736842105263164        1.0832581971701809     
  0.94956140350877205        1.0823564792269884     
  0.95175438596491235        1.0814653663045546     
  0.95394736842105277        1.0805847433081384     
  0.95614035087719296        1.0797140583099345     
  0.95833333333333348        1.0788536470509154     
  0.96052631578947367        1.0780029702723595     
  0.96271929824561409        1.0771623546975422     
  0.96491228070175439        1.0763316901948234     
  0.96710526315789480        1.0755104561135354     
  0.96929824561403510        1.0746989661616866     
  0.97149122807017552        1.0738971131596933     
  0.97368421052631582        1.0731043944884857     
  0.97587719298245623        1.0723211113290378     
  0.97807017543859653        1.0715467727145005     
  0.98026315789473695        1.0707816716807970     
  0.98245614035087725        1.0700253286718451     
  0.98464912280701766        1.0692784012154379     
  0.98684210526315785        1.0685396714208937     
  0.98903508771929827        1.0678101569744591     
  0.99122807017543857        1.0670890281563730     
  0.99342105263157898        1.0663762007672870     
  0.99561403508771928        1.0656719410066218     
  0.99780701754385970        1.0649761528388206     
   1.0000000000000000        1.0642884001562827     
